User,Compound,Negative,Neutral,Positive,Tweets Ago
@BBCWorld,0.0,0.0,1.0,0.0,1
@BBCWorld,0.0,0.0,1.0,0.0,2
@BBCWorld,0.0,0.0,1.0,0.0,3
@BBCWorld,-0.599,0.308,0.692,0.0,4
@BBCWorld,-0.958,0.513,0.487,0.0,5
@BBCWorld,0.0,0.0,1.0,0.0,6
@BBCWorld,0.0,0.0,1.0,0.0,7
@BBCWorld,0.511,0.0,0.732,0.268,8
@BBCWorld,-0.67,0.407,0.593,0.0,9
@BBCWorld,0.0,0.0,1.0,0.0,10
@BBCWorld,-0.572,0.346,0.654,0.0,11
@BBCWorld,0.0,0.0,1.0,0.0,12
@BBCWorld,-0.656,0.313,0.599,0.088,13
@BBCWorld,0.026,0.215,0.561,0.224,14
@BBCWorld,0.178,0.0,0.805,0.195,15
@BBCWorld,-0.637,0.506,0.291,0.203,16
@BBCWorld,-0.718,0.25,0.75,0.0,17
@BBCWorld,-0.382,0.206,0.794,0.0,18
@BBCWorld,-0.226,0.192,0.808,0.0,19
@BBCWorld,-0.402,0.177,0.742,0.081,20
@BBCWorld,0.0,0.0,1.0,0.0,21
@BBCWorld,-0.625,0.63,0.37,0.0,22
@BBCWorld,-0.791,0.467,0.533,0.0,23
@BBCWorld,-0.459,0.304,0.588,0.108,24
@BBCWorld,0.511,0.0,0.732,0.268,25
@BBCWorld,0.077,0.0,0.843,0.157,26
@BBCWorld,0.0,0.0,1.0,0.0,27
@BBCWorld,-0.807,0.378,0.622,0.0,28
@BBCWorld,-0.735,0.47,0.53,0.0,29
@BBCWorld,-0.402,0.231,0.769,0.0,30
@BBCWorld,-0.361,0.238,0.762,0.0,31
@BBCWorld,0.0,0.0,1.0,0.0,32
@BBCWorld,0.0,0.0,1.0,0.0,33
@BBCWorld,0.0,0.0,1.0,0.0,34
@BBCWorld,0.0,0.0,1.0,0.0,35
@BBCWorld,-0.494,0.39,0.61,0.0,36
@BBCWorld,-0.422,0.259,0.741,0.0,37
@BBCWorld,0.0,0.0,1.0,0.0,38
@BBCWorld,-0.649,0.431,0.569,0.0,39
@BBCWorld,0.0,0.0,1.0,0.0,40
@BBCWorld,-0.477,0.256,0.744,0.0,41
@BBCWorld,0.0,0.0,1.0,0.0,42
@BBCWorld,-0.477,0.279,0.721,0.0,43
@BBCWorld,-0.44,0.293,0.707,0.0,44
@BBCWorld,0.0,0.0,1.0,0.0,45
@BBCWorld,0.0,0.323,0.354,0.323,46
@BBCWorld,-0.361,0.2,0.8,0.0,47
@BBCWorld,0.0,0.0,1.0,0.0,48
@BBCWorld,0.0,0.0,1.0,0.0,49
@BBCWorld,-0.527,0.139,0.861,0.0,50
@BBCWorld,-0.177,0.173,0.694,0.133,51
@BBCWorld,0.0,0.0,1.0,0.0,52
@BBCWorld,-0.784,0.345,0.655,0.0,53
@BBCWorld,-0.351,0.104,0.896,0.0,54
@BBCWorld,0.0,0.0,1.0,0.0,55
@BBCWorld,0.291,0.0,0.886,0.114,56
@BBCWorld,0.0,0.0,1.0,0.0,57
@BBCWorld,-0.477,0.383,0.617,0.0,58
@BBCWorld,-0.612,0.357,0.643,0.0,59
@BBCWorld,0.7,0.0,0.58,0.42,60
@BBCWorld,0.0,0.0,1.0,0.0,61
@BBCWorld,0.0,0.0,1.0,0.0,62
@BBCWorld,0.382,0.0,0.833,0.167,63
@BBCWorld,-0.612,0.385,0.615,0.0,64
@BBCWorld,-0.34,0.362,0.638,0.0,65
@BBCWorld,-0.67,0.391,0.609,0.0,66
@BBCWorld,0.0,0.0,1.0,0.0,67
@BBCWorld,0.0,0.0,1.0,0.0,68
@BBCWorld,-0.66,0.328,0.672,0.0,69
@BBCWorld,-0.923,0.412,0.588,0.0,70
@BBCWorld,0.361,0.0,0.894,0.106,71
@BBCWorld,0.0,0.0,1.0,0.0,72
@BBCWorld,-0.542,0.36,0.64,0.0,73
@BBCWorld,0.0,0.0,1.0,0.0,74
@BBCWorld,-0.318,0.247,0.753,0.0,75
@BBCWorld,0.0,0.0,1.0,0.0,76
@BBCWorld,-0.103,0.135,0.865,0.0,77
@BBCWorld,-0.422,0.286,0.714,0.0,78
@BBCWorld,0.572,0.0,0.844,0.156,79
@BBCWorld,0.0,0.0,1.0,0.0,80
@BBCWorld,-0.92,0.435,0.565,0.0,81
@BBCWorld,0.0,0.0,1.0,0.0,82
@BBCWorld,0.0,0.0,1.0,0.0,83
@BBCWorld,0.0,0.0,1.0,0.0,84
@BBCWorld,-0.765,0.487,0.513,0.0,85
@BBCWorld,-0.34,0.255,0.745,0.0,86
@BBCWorld,-0.572,0.316,0.684,0.0,87
@BBCWorld,0.0,0.0,1.0,0.0,88
@BBCWorld,0.402,0.0,0.748,0.252,89
@BBCWorld,0.44,0.0,0.707,0.293,90
@BBCWorld,0.459,0.204,0.395,0.401,91
@BBCWorld,0.077,0.0,0.86,0.14,92
@BBCWorld,-0.128,0.248,0.55,0.202,93
@BBCWorld,-0.586,0.275,0.725,0.0,94
@BBCWorld,0.25,0.188,0.556,0.257,95
@BBCWorld,-0.557,0.175,0.825,0.0,96
@BBCWorld,0.0,0.0,1.0,0.0,97
@BBCWorld,0.318,0.0,0.685,0.315,98
@BBCWorld,0.0,0.0,1.0,0.0,99
@BBCWorld,0.572,0.0,0.519,0.481,100
