User,Compound,Negative,Neutral,Positive,Tweets Ago
@CBSNews,0.077,0.0,0.933,0.067,1
@CBSNews,-0.44,0.116,0.884,0.0,2
@CBSNews,0.226,0.0,0.868,0.132,3
@CBSNews,-0.572,0.144,0.856,0.0,4
@CBSNews,0.691,0.0,0.729,0.271,5
@CBSNews,-0.226,0.087,0.913,0.0,6
@CBSNews,0.0,0.0,1.0,0.0,7
@CBSNews,-0.497,0.209,0.791,0.0,8
@CBSNews,0.459,0.0,0.833,0.167,9
@CBSNews,0.0,0.0,1.0,0.0,10
@CBSNews,-0.361,0.111,0.889,0.0,11
@CBSNews,0.392,0.0,0.897,0.103,12
@CBSNews,0.318,0.0,0.901,0.099,13
@CBSNews,0.0,0.0,1.0,0.0,14
@CBSNews,0.077,0.124,0.671,0.205,15
@CBSNews,0.599,0.0,0.731,0.269,16
@CBSNews,0.153,0.0,0.885,0.115,17
@CBSNews,-0.273,0.077,0.923,0.0,18
@CBSNews,0.637,0.0,0.766,0.234,19
@CBSNews,0.25,0.0,0.909,0.091,20
@CBSNews,0.0,0.0,1.0,0.0,21
@CBSNews,0.34,0.0,0.841,0.159,22
@CBSNews,0.0,0.0,1.0,0.0,23
@CBSNews,-0.166,0.088,0.912,0.0,24
@CBSNews,0.0,0.0,1.0,0.0,25
@CBSNews,0.0,0.0,1.0,0.0,26
@CBSNews,0.477,0.0,0.76,0.24,27
@CBSNews,0.477,0.0,0.86,0.14,28
@CBSNews,0.34,0.0,0.844,0.156,29
@CBSNews,0.0,0.0,1.0,0.0,30
@CBSNews,-0.599,0.268,0.628,0.105,31
@CBSNews,-0.273,0.116,0.884,0.0,32
@CBSNews,-0.625,0.194,0.806,0.0,33
@CBSNews,-0.859,0.353,0.588,0.059,34
@CBSNews,-0.791,0.269,0.731,0.0,35
@CBSNews,0.422,0.0,0.882,0.118,36
@CBSNews,-0.44,0.245,0.755,0.0,37
@CBSNews,-0.153,0.134,0.759,0.107,38
@CBSNews,0.0,0.0,1.0,0.0,39
@CBSNews,0.0,0.0,1.0,0.0,40
@CBSNews,-0.832,0.328,0.672,0.0,41
@CBSNews,0.649,0.0,0.725,0.275,42
@CBSNews,-0.296,0.145,0.855,0.0,43
@CBSNews,0.0,0.11,0.78,0.11,44
@CBSNews,-0.103,0.06,0.94,0.0,45
@CBSNews,0.0,0.0,1.0,0.0,46
@CBSNews,0.34,0.0,0.882,0.118,47
@CBSNews,0.0,0.0,1.0,0.0,48
@CBSNews,0.0,0.0,1.0,0.0,49
@CBSNews,0.0,0.0,1.0,0.0,50
@CBSNews,-0.296,0.095,0.905,0.0,51
@CBSNews,-0.296,0.099,0.901,0.0,52
@CBSNews,-0.422,0.123,0.877,0.0,53
@CBSNews,0.0,0.0,1.0,0.0,54
@CBSNews,0.0,0.0,1.0,0.0,55
@CBSNews,0.077,0.11,0.769,0.121,56
@CBSNews,-0.103,0.065,0.935,0.0,57
@CBSNews,0.0,0.0,1.0,0.0,58
@CBSNews,-0.836,0.414,0.586,0.0,59
@CBSNews,0.0,0.0,1.0,0.0,60
@CBSNews,0.599,0.0,0.822,0.178,61
@CBSNews,0.0,0.0,1.0,0.0,62
@CBSNews,0.0,0.0,1.0,0.0,63
@CBSNews,0.361,0.0,0.8,0.2,64
@CBSNews,0.402,0.0,0.876,0.124,65
@CBSNews,0.0,0.0,1.0,0.0,66
@CBSNews,0.226,0.0,0.905,0.095,67
@CBSNews,0.0,0.0,1.0,0.0,68
@CBSNews,0.0,0.0,1.0,0.0,69
@CBSNews,0.0,0.0,1.0,0.0,70
@CBSNews,0.0,0.0,1.0,0.0,71
@CBSNews,-0.649,0.296,0.704,0.0,72
@CBSNews,0.0,0.0,1.0,0.0,73
@CBSNews,-0.459,0.123,0.833,0.044,74
@CBSNews,-0.202,0.136,0.763,0.102,75
@CBSNews,-0.44,0.127,0.873,0.0,76
@CBSNews,-0.318,0.119,0.881,0.0,77
@CBSNews,0.0,0.0,1.0,0.0,78
@CBSNews,-0.361,0.135,0.865,0.0,79
@CBSNews,0.0,0.0,1.0,0.0,80
@CBSNews,0.0,0.0,1.0,0.0,81
@CBSNews,0.44,0.0,0.822,0.178,82
@CBSNews,0.402,0.0,0.881,0.119,83
@CBSNews,-0.17,0.081,0.919,0.0,84
@CBSNews,0.0,0.0,1.0,0.0,85
@CBSNews,-0.296,0.155,0.845,0.0,86
@CBSNews,0.318,0.0,0.867,0.133,87
@CBSNews,0.153,0.126,0.721,0.153,88
@CBSNews,0.0,0.0,1.0,0.0,89
@CBSNews,0.0,0.0,1.0,0.0,90
@CBSNews,0.296,0.0,0.896,0.104,91
@CBSNews,-0.128,0.153,0.718,0.129,92
@CBSNews,-0.586,0.202,0.798,0.0,93
@CBSNews,0.0,0.0,1.0,0.0,94
@CBSNews,-0.691,0.251,0.749,0.0,95
@CBSNews,0.0,0.0,1.0,0.0,96
@CBSNews,-0.758,0.416,0.431,0.153,97
@CBSNews,0.382,0.0,0.729,0.271,98
@CBSNews,0.0,0.0,1.0,0.0,99
@CBSNews,0.0,0.0,1.0,0.0,100
