User,Compound,Negative,Neutral,Positive,Tweets Ago
@FoxNews,0.0,0.0,1.0,0.0,1
@FoxNews,0.778,0.0,0.755,0.245,2
@FoxNews,0.402,0.0,0.837,0.163,3
@FoxNews,0.599,0.0,0.651,0.349,4
@FoxNews,0.599,0.0,0.731,0.269,5
@FoxNews,0.625,0.0,0.638,0.362,6
@FoxNews,0.836,0.067,0.602,0.331,7
@FoxNews,0.0,0.0,1.0,0.0,8
@FoxNews,-0.586,0.168,0.779,0.053,9
@FoxNews,0.422,0.0,0.851,0.149,10
@FoxNews,0.34,0.0,0.805,0.195,11
@FoxNews,0.0,0.0,1.0,0.0,12
@FoxNews,0.0,0.0,1.0,0.0,13
@FoxNews,0.0,0.0,1.0,0.0,14
@FoxNews,-0.34,0.167,0.833,0.0,15
@FoxNews,0.0,0.0,1.0,0.0,16
@FoxNews,0.0,0.0,1.0,0.0,17
@FoxNews,-0.866,0.409,0.591,0.0,18
@FoxNews,0.202,0.127,0.696,0.177,19
@FoxNews,0.402,0.141,0.604,0.255,20
@FoxNews,-0.557,0.217,0.783,0.0,21
@FoxNews,0.0,0.0,1.0,0.0,22
@FoxNews,0.649,0.14,0.468,0.392,23
@FoxNews,0.477,0.0,0.659,0.341,24
@FoxNews,0.625,0.0,0.745,0.255,25
@FoxNews,-0.511,0.309,0.537,0.154,26
@FoxNews,0.494,0.0,0.789,0.211,27
@FoxNews,0.0,0.0,1.0,0.0,28
@FoxNews,0.382,0.0,0.843,0.157,29
@FoxNews,-0.103,0.149,0.851,0.0,30
@FoxNews,0.459,0.0,0.765,0.235,31
@FoxNews,-0.649,0.301,0.699,0.0,32
@FoxNews,0.34,0.0,0.806,0.194,33
@FoxNews,-0.296,0.3,0.471,0.229,34
@FoxNews,0.026,0.156,0.68,0.163,35
@FoxNews,-0.34,0.156,0.844,0.0,36
@FoxNews,0.026,0.181,0.63,0.189,37
@FoxNews,0.0,0.179,0.641,0.179,38
@FoxNews,-0.637,0.441,0.395,0.164,39
@FoxNews,0.026,0.168,0.657,0.175,40
@FoxNews,0.026,0.146,0.701,0.153,41
@FoxNews,0.0,0.0,1.0,0.0,42
@FoxNews,0.128,0.0,0.909,0.091,43
@FoxNews,-0.402,0.197,0.803,0.0,44
@FoxNews,0.0,0.0,1.0,0.0,45
@FoxNews,0.0,0.0,1.0,0.0,46
@FoxNews,0.633,0.0,0.812,0.188,47
@FoxNews,0.0,0.0,1.0,0.0,48
@FoxNews,0.66,0.0,0.735,0.265,49
@FoxNews,-0.226,0.147,0.853,0.0,50
@FoxNews,0.0,0.0,1.0,0.0,51
@FoxNews,0.0,0.0,1.0,0.0,52
@FoxNews,-0.226,0.101,0.899,0.0,53
@FoxNews,0.077,0.0,0.92,0.08,54
@FoxNews,0.34,0.0,0.876,0.124,55
@FoxNews,0.422,0.0,0.865,0.135,56
@FoxNews,0.0,0.0,1.0,0.0,57
@FoxNews,0.451,0.118,0.661,0.221,58
@FoxNews,-0.296,0.18,0.82,0.0,59
@FoxNews,0.0,0.0,1.0,0.0,60
@FoxNews,0.341,0.0,0.806,0.194,61
@FoxNews,-0.296,0.104,0.896,0.0,62
@FoxNews,0.0,0.0,1.0,0.0,63
@FoxNews,0.477,0.0,0.659,0.341,64
@FoxNews,0.128,0.0,0.88,0.12,65
@FoxNews,-0.586,0.324,0.676,0.0,66
@FoxNews,-0.361,0.296,0.566,0.138,67
@FoxNews,0.402,0.0,0.856,0.144,68
@FoxNews,-0.026,0.068,0.932,0.0,69
@FoxNews,-0.581,0.254,0.746,0.0,70
@FoxNews,-0.382,0.206,0.794,0.0,71
@FoxNews,0.0,0.0,1.0,0.0,72
@FoxNews,0.0,0.147,0.705,0.147,73
@FoxNews,-0.791,0.412,0.588,0.0,74
@FoxNews,-0.026,0.091,0.909,0.0,75
@FoxNews,0.527,0.076,0.696,0.228,76
@FoxNews,0.0,0.0,1.0,0.0,77
@FoxNews,0.0,0.0,1.0,0.0,78
@FoxNews,0.128,0.0,0.88,0.12,79
@FoxNews,0.0,0.0,1.0,0.0,80
@FoxNews,0.0,0.0,1.0,0.0,81
@FoxNews,-0.477,0.193,0.807,0.0,82
@FoxNews,0.0,0.0,1.0,0.0,83
@FoxNews,0.422,0.0,0.833,0.167,84
@FoxNews,0.44,0.0,0.854,0.146,85
@FoxNews,-0.226,0.101,0.899,0.0,86
@FoxNews,0.128,0.0,0.909,0.091,87
@FoxNews,-0.34,0.167,0.833,0.0,88
@FoxNews,-0.361,0.161,0.839,0.0,89
@FoxNews,-0.392,0.15,0.85,0.0,90
@FoxNews,0.0,0.0,1.0,0.0,91
@FoxNews,-0.494,0.186,0.814,0.0,92
@FoxNews,0.026,0.193,0.663,0.144,93
@FoxNews,0.0,0.0,1.0,0.0,94
@FoxNews,-0.66,0.31,0.69,0.0,95
@FoxNews,0.746,0.0,0.703,0.297,96
@FoxNews,0.0,0.0,1.0,0.0,97
@FoxNews,0.0,0.0,1.0,0.0,98
@FoxNews,0.0,0.0,1.0,0.0,99
@FoxNews,0.318,0.0,0.874,0.126,100
