User,Compound,Negative,Neutral,Positive,Tweets Ago
@nytimes,0.527,0.0,0.866,0.134,1
@nytimes,0.103,0.149,0.685,0.165,2
@nytimes,0.0,0.0,1.0,0.0,3
@nytimes,0.0,0.0,1.0,0.0,4
@nytimes,-0.7,0.244,0.756,0.0,5
@nytimes,-0.142,0.069,0.931,0.0,6
@nytimes,-0.402,0.163,0.837,0.0,7
@nytimes,-0.511,0.148,0.852,0.0,8
@nytimes,-0.572,0.228,0.684,0.087,9
@nytimes,0.0,0.0,1.0,0.0,10
@nytimes,0.402,0.0,0.895,0.105,11
@nytimes,-0.382,0.12,0.88,0.0,12
@nytimes,0.026,0.0,0.948,0.052,13
@nytimes,0.0,0.0,1.0,0.0,14
@nytimes,0.0,0.0,1.0,0.0,15
@nytimes,-0.542,0.171,0.829,0.0,16
@nytimes,-0.318,0.169,0.725,0.106,17
@nytimes,0.0,0.0,1.0,0.0,18
@nytimes,-0.128,0.169,0.683,0.149,19
@nytimes,0.0,0.0,1.0,0.0,20
@nytimes,0.0,0.0,1.0,0.0,21
@nytimes,0.226,0.068,0.821,0.111,22
@nytimes,0.0,0.0,1.0,0.0,23
@nytimes,0.34,0.0,0.882,0.118,24
@nytimes,-0.477,0.204,0.796,0.0,25
@nytimes,0.0,0.0,1.0,0.0,26
@nytimes,0.361,0.0,0.878,0.122,27
@nytimes,0.382,0.0,0.89,0.11,28
@nytimes,0.34,0.0,0.882,0.118,29
@nytimes,0.422,0.0,0.781,0.219,30
@nytimes,-0.649,0.193,0.807,0.0,31
@nytimes,-0.527,0.152,0.848,0.0,32
@nytimes,0.202,0.0,0.87,0.13,33
@nytimes,0.0,0.0,1.0,0.0,34
@nytimes,0.0,0.0,1.0,0.0,35
@nytimes,-0.296,0.115,0.885,0.0,36
@nytimes,0.0,0.0,1.0,0.0,37
@nytimes,0.494,0.0,0.756,0.244,38
@nytimes,-0.67,0.209,0.791,0.0,39
@nytimes,0.0,0.0,1.0,0.0,40
@nytimes,0.527,0.045,0.821,0.134,41
@nytimes,0.67,0.0,0.824,0.176,42
@nytimes,0.103,0.0,0.928,0.072,43
@nytimes,0.077,0.0,0.929,0.071,44
@nytimes,0.0,0.0,1.0,0.0,45
@nytimes,0.494,0.0,0.792,0.208,46
@nytimes,-0.718,0.25,0.75,0.0,47
@nytimes,-0.077,0.145,0.725,0.13,48
@nytimes,0.66,0.0,0.748,0.252,49
@nytimes,0.0,0.0,1.0,0.0,50
@nytimes,0.718,0.0,0.739,0.261,51
@nytimes,0.318,0.0,0.887,0.113,52
@nytimes,0.422,0.0,0.859,0.141,53
@nytimes,0.0,0.0,1.0,0.0,54
@nytimes,0.0,0.0,1.0,0.0,55
@nytimes,0.0,0.0,1.0,0.0,56
@nytimes,-0.153,0.195,0.682,0.123,57
@nytimes,0.0,0.0,1.0,0.0,58
@nytimes,-0.318,0.119,0.881,0.0,59
@nytimes,0.0,0.0,1.0,0.0,60
@nytimes,0.361,0.138,0.615,0.246,61
@nytimes,-0.103,0.106,0.803,0.091,62
@nytimes,0.361,0.0,0.878,0.122,63
@nytimes,0.382,0.0,0.86,0.14,64
@nytimes,-0.422,0.135,0.865,0.0,65
@nytimes,-0.66,0.206,0.794,0.0,66
@nytimes,0.422,0.0,0.865,0.135,67
@nytimes,0.0,0.0,1.0,0.0,68
@nytimes,-0.784,0.266,0.734,0.0,69
@nytimes,0.0,0.0,1.0,0.0,70
@nytimes,0.71,0.0,0.604,0.396,71
@nytimes,0.572,0.0,0.829,0.171,72
@nytimes,0.026,0.0,0.939,0.061,73
@nytimes,0.0,0.0,1.0,0.0,74
@nytimes,0.0,0.0,1.0,0.0,75
@nytimes,0.262,0.0,0.886,0.114,76
@nytimes,0.0,0.0,1.0,0.0,77
@nytimes,-0.681,0.384,0.616,0.0,78
@nytimes,0.0,0.0,1.0,0.0,79
@nytimes,-0.691,0.231,0.769,0.0,80
@nytimes,-0.735,0.383,0.617,0.0,81
@nytimes,0.0,0.0,1.0,0.0,82
@nytimes,-0.586,0.356,0.509,0.134,83
@nytimes,0.0,0.0,1.0,0.0,84
@nytimes,0.0,0.0,1.0,0.0,85
@nytimes,-0.796,0.323,0.677,0.0,86
@nytimes,-0.542,0.156,0.844,0.0,87
@nytimes,0.0,0.0,1.0,0.0,88
@nytimes,0.0,0.0,1.0,0.0,89
@nytimes,-0.34,0.103,0.897,0.0,90
@nytimes,-0.494,0.181,0.819,0.0,91
@nytimes,-0.273,0.095,0.905,0.0,92
@nytimes,0.0,0.0,1.0,0.0,93
@nytimes,0.0,0.0,1.0,0.0,94
@nytimes,-0.402,0.109,0.891,0.0,95
@nytimes,0.128,0.0,0.933,0.067,96
@nytimes,0.0,0.0,1.0,0.0,97
@nytimes,0.0,0.0,1.0,0.0,98
@nytimes,0.0,0.0,1.0,0.0,99
@nytimes,0.325,0.0,0.896,0.104,100
